   NNOD  :  121
   NFIXP :   40
   NFIXF :    0
   NNORM :   40
   1.0000000000000000        1.0000000000000000        1.0000000000000000        1.8697231374831810E-002   1.0000000000000000        1.8697227751629478E-002   1.0000000000000000        1.8697231381908295E-002   1.0000000000000000        2.0869431693463422E-317   1.4019670006793880E-316   0.0000000000000000        1.4020073164360886E-316   1.1013772838859411E-315   1.7209017899180629E-317   6.9525555096871667E-310

   1.0000000000000000        1.0000000000000000        1.0000000000000000        1.0000000000000000        1.0000000000000000        1.0000000000000000        1.0000000000000000        1.0000000000000000        1.0000000000000000        0.0000000000000000        6.9154726927613884E-310   6.9154726737987537E-310   1.4327903729396150E-322  -1.2198538851014198E+257   2.4505656033725829E-321   0.0000000000000000        0.0000000000000000        0.0000000000000000       -4.9465366546963406E-234  -4.9465366546963406E-234  -4.9465356516675632E-234  -4.9465366546963406E-234  -4.9465366546963406E-234  -4.9465366546963406E-234  -4.9465366546963406E-234   0.0000000000000000        1.4022349818856923E-316   0.0000000000000000        1.4022460489561591E-316   0.0000000000000000        4.4465908125712189E-323   6.9154726739446513E-310   0.0000000000000000        0.0000000000000000        4.3013474535596246E-078  0.99999998532953027       -4.9465366546465823E-234   1.0000000000000000        8.6361684281503434E-078  0.99999998530087730        4.3221866817415939E-078   2.0844679004606776E-317   8.0038634626281940E-322   6.9525555098102879E-310   2.1219957909652723E-314   2.0844679004606776E-317   2.1219958596403971E-314   1.4327903729396150E-322   0.0000000000000000        0.0000000000000000        0.0000000000000000        0.0000000000000000        0.0000000000000000        0.0000000000000000        0.0000000000000000        0.0000000000000000        0.0000000000000000        0.0000000000000000        0.0000000000000000        0.0000000000000000        0.0000000000000000        3.7153736567261740E-321   2.3715151000379834E-322   0.0000000000000000        0.0000000000000000        0.0000000000000000       -2.1276772843617614E-311  -4.9465365821283243E-234   0.0000000000000000       -4.9465366546963406E-234  -4.2719123685974779E-311  -4.9465365819865915E-234  -2.1379854849672763E-311   0.0000000000000000        0.0000000000000000        1.4022349818856923E-316   4.9406564584124654E-323   0.0000000000000000        0.0000000000000000        0.0000000000000000        0.0000000000000000        0.0000000000000000        1.8501589916243868E-155  0.99999997065906077        0.0000000000000000        1.0000000000000000        7.4583405119380774E-155  0.99999997060175483        1.8681297711824412E-155   0.0000000000000000        0.0000000000000000        2.0583359172363141E-312   0.0000000000000000        0.0000000000000000        0.0000000000000000        0.0000000000000000     


