function [x_a]=data2D


x_a=[             0   2.00000000000000
                  0   4.00000000000000
                  0   6.00000000000000
                  0   8.00000000000000
   1.15470053837925   8.00000000000000
   2.30940107675850   8.00000000000000
   3.46410161513776   8.00000000000000
   4.61880215351701   8.00000000000000
   5.77350269189626   8.00000000000000
   6.92820323027551   8.00000000000000
   8.00000000000000   8.00000000000000
   8.00000000000000   6.00000000000000
   8.00000000000000   4.00000000000000
   8.00000000000000   2.00000000000000
   8.00000000000000                  0
   6.84529946162075                  0
   5.69059892324150                  0
   4.53589838486224                  0
   3.38119784648299                  0
   2.22649730810374                  0
   1.07179676972449                  0
                  0                  0
   0.62855263099340   1.05120236180377
   1.16412224091677   2.00942170253752
   0.62124669338055   3.04389642419093
   1.18352320841656   4.02882267003731
   0.56344967722047   4.98609940803084
   1.18074611144352   6.02604557306427
   0.53841355957385   6.96106329038423
   1.69697433427454   0.96492352670566
   2.34129304027698   2.03189196351848
   1.74513306996151   3.01308226239264
   2.27040455685610   3.96100348009760
   1.67790159387213   4.94585078630325
   2.28499403467629   5.97559295791779
   1.78644462524215   7.05439381767327
   2.85534901166800   0.96859766571987
   3.51704764682916   2.05294603169141
   2.90751958884497   3.02076824289684
   3.41271388567322   3.94861227053546
   2.89828002825667   5.01152868230854
   3.45176317723480   5.98766156209704
   2.85388466404233   6.96713331809421
   3.99257964871638   0.95112776438899
   4.56192434117760   1.94312218766059
   4.07479767245501   3.03334578812763
   4.56312106520602   3.94431891168901
   4.08509280568982   5.04364092136244
   4.60177514357452   5.98297299005751
   4.06710237528307   7.02565049095568
   5.15639238623178   0.96023996352515
   5.73458415018120   1.96108145828495
   5.17460540678211   2.97845298407547
   5.71916035393513   3.94565766203887
   5.17971238729558   4.98355996458895
   5.71890734173079   5.94540464983453
   5.23006216916068   7.03390974645405
   6.30584718253142   0.95499422144553
   6.94235999267068   2.01415676239517
   6.30842601227322   2.95757305118733
   6.90626735977802   3.97806412950251
   6.30868187573722   4.95782891465133
   6.89625570470204   5.96805247442653
   6.33890721316181   6.98805425207592
   7.47565353239086   0.97010003292573
   7.49297891152188   2.98742541205674
   7.45854519208069   4.95299169261556
   7.46623996757126   6.96068646810612];

